-0.017000
0.067590
0.078330
0.085347
0.038003
0.011514
-0.017275
0.089128
-0.076178
0.029412
0.076061
0.082751
-0.046954
0.001889
-0.074222
-0.027739
0.074744
-0.037931
-0.046018
-0.028962
0.066984
0.056882
-0.016815
0.015324
-0.023070
-0.002590
0.047558
0.073682
0.011885
0.055938
-0.017580
-0.022187
0.083497
-0.010069
0.069937
-0.057942
0.084208
0.013971
0.072201
0.063050
0.048337
0.080174
-0.075023
0.007785
-0.023998
-0.001288
0.078078
0.076413
0.033732
0.009180
-0.038356
0.008017
-0.049593
-0.043232
0.008517
0.057887
0.021484
0.063691
0.001093
-0.058874
0.015223
0.080777
0.039210
0.074479
